; EFRisiko
; © 2014 Benjamin Schmid
; Original Risikomap

[REGIONS]
; #V #E
42 83
; Connections
0 1
0 2
0 34
1 2
1 3
1 8
2 3
2 5
3 4
3 5
3 6
3 8
4 6
4 8
5 6
5 7
6 7
7 9
8 13
9 10
9 11
10 11
10 12
11 12
11 20
13 14
13 19
14 15
14 16
14 19
15 16
15 17
15 26
15 30
15 31
16 17
16 18
16 19
17 18
17 20
17 21
17 26
18 19
18 20
20 21
20 22
20 23
21 22
21 26
22 23
22 24
22 25
22 26
23 24
24 25
26 27
26 30
27 28
27 29
27 30
28 29
28 38
29 30
29 31
29 32
29 36
30 31
31 32
32 33
32 35
32 36
33 34
33 35
34 35
34 36
34 37
35 36
36 37
38 39
38 40
39 40
39 41
40 41
; Positions
105 209
268 198
271 321
412 363
558 363
277 483
429 531
289 625
693 135
464 806
449 948
622 940
500 1162
868 287
1032 260
1217 375
1030 479
1047 598
853 671
845 475
937 869
1116 821
1184 960
1107 1056
1105 1235
1292 1248
1255 712
1488 748
1675 800
1650 631
1388 538
1428 356
1538 215
1705 164
1884 176
1680 353
1716 489
1927 506
1669 1056
1868 995
1759 1229
1919 1168

[CONTINENTS]
; # Continents
6
; Name
Nordamerika
; #Units
5
; Knoten
9
0 1 2 3 4 5 6 7 8
Südamerika
2
4
9 10 11 12
Europa
5
7
13 14 15 16 17 18 19
Afrika
3
6
20 21 22 23 24 25
Asien
7
12
26 27 28 29 30 31 32 33 34 35 36 37
Australien
2
4
38 39 40 41

[GRAPHIC]
content/maps/RisikoSpielplan.png

[SIZE]
; Size of map
2000 1400