; EFRisiko
; © 2014 Benjamin Schmid
; Schweizer Karte

[REGIONS]
; #V #E
32 71
; Connections
0 5
0 7
0 21
1 2
1 3
1 11
1 13
1 31
2 3
2 11
2 13
2 31
3 4
3 6
3 7
3 13
3 31
4 5
4 6
4 14
4 15
5 6
5 7
5 21
5 24
5 25
6 7
7 8
7 11
7 21
7 31
8 9
8 11
8 21
9 10
9 11
9 21
10 11
10 12
10 30
11 12
11 13
11 31
12 13
12 19
12 28
13 14
13 16
13 17
13 18
13 29
14 15
14 16
15 16
15 16
15 26
16 17
17 19
17 29
18 19
18 29
19 20
19 28
20 28
21 22
21 23
21 24
21 27
22 23
24 25
24 27
; Positions
1214 410
1001 658
1075 606
947 502
977 289
1179 275
1134 462
1221 524
1361 568
1595 744
1259 959
1174 692
734 1066
724 623
755 356
803 280
544 329
379 540
502 755
282 779
40 1064
1439 441
1498 367
1541 291
1335 187
1132 97
724 171
1515 163
281 902
407 611
1179 1218
1060 540

[CONTINENTS]
; # Continents
6
; Name
Lakes
; #Units
7
; Knoten
6
0 27 28 29 30 31

Zentralschweiz
6
6
1 2 3 6 7 11

Ostschweiz
5
5
8 21 22 23 24

Südschweiz
3
3
12 10 9

Westschweiz
6
6
20 19 18 17 16 13

Nordschweiz
6
6
5 25 4 14 15 16

[GRAPHIC]
content/maps/Schweiz.png

[SIZE]
; Size of map
2000 1400